MEMORY
  total            14.2 MB
  struct          159.0 KB
  buffer           45.6 KB
  arena            14.0 MB, used 0.3%

SIZES
  narena                14680064
  nbuffer               46672
  nplugin               0
  maxuse_stack          9440
  maxuse_arena          40240
  maxuse_con            8
  maxuse_efc            32
  solver_nisland        1
  ncon                  4
  ne                    0
  nf                    0
  nl                    2
  nefc                  18
  nJ                    504
  nA                    0
  nisland               0
  threadpool            0

TIMER
    0:  duration =  0.052      number = 1
    1:  duration =  0.05       number = 1
    2:  duration =  0          number = 0
    3:  duration =  0.024      number = 1
    4:  duration =  0.0039     number = 1
    5:  duration =  0.001      number = 1
    6:  duration =  0.018      number = 1
    7:  duration =  0.0015     number = 1
    8:  duration =  0.0064     number = 1
    9:  duration =  0.0023     number = 1
    10:  duration =  0.008      number = 1
    11:  duration =  0.0068     number = 1
    12:  duration =  0.00017    number = 1
    13:  duration =  0.0056     number = 1
    14:  duration =  0.0023     number = 1

SOLVER STAT
  solver_nisland = 1
  solver_fwdinv =   0         0       
  ISLAND 0
    solver_niter = 3
    solver_nnz = 784
      0:  improvement =  1.4e+02     gradient =  0.26        lineslope =  0       
          nactive = 4   nchange = 2   neval = 4   nupdate = 2
      1:  improvement =  1.7         gradient =  0.0062      lineslope =  0       
          nactive = 5   nchange = 1   neval = 3   nupdate = 1
      2:  improvement =  0.0002      gradient =  4.1e-16     lineslope =  0       
          nactive = 5   nchange = 0   neval = 2   nupdate = 0

ENERGY =   0         0       

TIME =  6.7     

QPOS
   0.36    
   0.33    
   0.49    
   0.99    
   0.082   
  -0.013   
   0.12    
   0.12    
   1.2     
  -0.46    
  -0.59    
  -0.47    
  -0.55    
   0.5     
   0.74    
   2.5     
   0.00098 
   0.58    
   0.98    
   0.057   
  -0.055   
   0.16    
  -0.11    
   1.1     
  -0.52    
  -1.1     
  -0.53    
  -0.64    
  -0.2     
   1.1     

QVEL
  -0.11    
   0.23    
   0.31    
  -0.61    
  -0.27    
  -0.067   
   0.59    
  -0.32    
  -0.83    
  -1.1     
   0.12    
  -0.42    
  -0.28    
   1.1     
  -0.046   
   0.042   
   0.12    
  -0.31    
   0.31    
   0.1     
  -0.7     
   1.2     
   0.38    
   0.15    
   0.37    
  -1.1     
   0.028   
   0.14    

QACC_WARMSTART
  -6.2     
  -16      
  -3.2     
   35      
  -18      
  -2       
   64      
  -78      
  -75      
  -72      
  -10      
   1e+02   
   18      
  -91      
  -1.5     
   14      
   3.1     
   10      
   31      
  -19      
  -29      
   73      
   1.1e+02 
  -89      
   30      
  -2.6     
   20      
  -1.2e+02 

CTRL
   0.12    
  -0.6     
   0.44    
  -0.54    
  -0.52    
  -0.49    
  -0.069   
   0.66    
   0.12    
  -0.83    
  -0.2     
   0.5     
   0.76    
  -0.59    
   0.22    
  -0.046   

QFRC_APPLIED
   0       
   0       
   0       
   0       
   0       
   0       
   0       
   0       
   0       
   0       
   0       
   0       
   0       
   0       
   0       
   0       
   0       
   0       
   0       
   0       
   0       
   0       
   0       
   0       
   0       
   0       
   0       
   0       

XFRC_APPLIED
   0         0         0         0         0         0       
   0         0         0         0         0         0       
   0         0         0         0         0         0       
   0         0         0         0         0         0       
   0         0         0         0         0         0       
   0         0         0         0         0         0       
   0         0         0         0         0         0       
   0         0         0         0         0         0       
   0         0         0         0         0         0       
   0         0         0         0         0         0       
   0         0         0         0         0         0       
   0         0         0         0         0         0       
   0         0         0         0         0         0       
   0         0         0         0         0         0       
   0         0         0         0         0         0       
   0         0         0         0         0         0       
   0         0         0         0         0         0       
   0         0         0         0         0         0       
   0         0         0         0         0         0       
   0         0         0         0         0         0       
   0         0         0         0         0         0       
   0         0         0         0         0         0       
   0         0         0         0         0         0       
   0         0         0         0         0         0       
   0         0         0         0         0         0       
   0         0         0         0         0         0       
   0         0         0         0         0         0       

QACC
  -6.2     
  -16      
  -3.2     
   35      
  -18      
  -2       
   64      
  -78      
  -75      
  -72      
  -10      
   1e+02   
   18      
  -91      
  -1.5     
   14      
   3.1     
   10      
   31      
  -19      
  -29      
   73      
   1.1e+02 
  -89      
   30      
  -2.6     
   20      
  -1.2e+02 

XPOS
   0         0         0       
   0.36      0.33      0.49    
   0.36      0.33      0.49    
   0.5       0.57      0.53    
   0.62      0.82      0.58    
   0.36      0.33      0.49    
   0.12      0.47      0.52    
  -0.037     0.7       0.56    
   0.36      0.33      0.49    
   0.21      0.088     0.45    
  -0.025    -0.06      0.43    
   0.36      0.33      0.49    
   0.6       0.18      0.47    
   0.88      0.17      0.47    
   2.5       0.0009    0.57    
   2.5       0.0009    0.57    
   2.6       0.25      0.62    
   2.8       0.48      0.66    
   2.5       0.0009    0.57    
   2.3       0.13      0.57    
   2.1       0.36      0.59    
   2.5       0.0009    0.57    
   2.4      -0.25      0.53    
   2.1      -0.4       0.49    
   2.5       0.0009    0.57    
   2.8      -0.13      0.58    
   3        -0.3       0.58    

XQUAT
   1         0         0         0       
   0.99      0.082    -0.013     0.12    
   0.99      0.082    -0.013     0.12    
   0.98      0.081    -0.018     0.18    
   0.85     -0.4       0.31      0.17    
   0.99      0.082    -0.013     0.12    
   0.99      0.083     0.0063   -0.11    
   0.97     -0.15     -0.18     -0.12    
   0.99      0.082    -0.013     0.12    
   0.99      0.083     0.0069   -0.11    
   0.94      0.25     -0.21     -0.13    
   0.99      0.082    -0.013     0.12    
   0.93      0.076    -0.033     0.37    
   0.85      0.21      0.3       0.37    
   0.98      0.057    -0.055     0.16    
   0.98      0.057    -0.055     0.16    
   0.99      0.06     -0.052     0.1     
   0.89     -0.35      0.29      0.092   
   0.98      0.057    -0.055     0.16    
   0.99      0.07     -0.038    -0.1     
   0.85     -0.36     -0.37     -0.13    
   0.98      0.057    -0.055     0.16    
   0.99      0.07     -0.038    -0.1     
   0.92      0.26     -0.28     -0.11    
   0.98      0.057    -0.055     0.16    
   1         0.063    -0.049     0.057   
   0.86      0.39      0.33      0.089   

XMAT
   1         0         0         0         1         0         0         0         1       
   0.97     -0.24     -0.0052    0.24      0.96     -0.17      0.046     0.16      0.99    
   0.97     -0.24     -0.0052    0.24      0.96     -0.17      0.046     0.16      0.99    
   0.93     -0.36     -0.0052    0.35      0.92     -0.17      0.064     0.15      0.99    
   0.75     -0.54      0.38      0.05      0.62      0.78     -0.66     -0.57      0.49    
   0.97     -0.24     -0.0052    0.24      0.96     -0.17      0.046     0.16      0.99    
   0.98      0.21     -0.0052   -0.21      0.96     -0.17     -0.03      0.16      0.99    
   0.91      0.28     -0.3      -0.18      0.93      0.32      0.37     -0.24      0.9     
   0.97     -0.24     -0.0052    0.24      0.96     -0.17      0.046     0.16      0.99    
   0.97      0.22     -0.0052   -0.22      0.96     -0.17     -0.032     0.16      0.99    
   0.88      0.13     -0.45     -0.34      0.84     -0.42      0.32      0.52      0.79    
   0.97     -0.24     -0.0052    0.24      0.96     -0.17      0.046     0.16      0.99    
   0.73     -0.68     -0.0052    0.67      0.72     -0.17      0.12      0.12      0.99    
   0.55     -0.5       0.67      0.76      0.64     -0.15     -0.35      0.58      0.73    
   0.94     -0.32     -0.09      0.31      0.94     -0.13      0.13      0.096     0.99    
   0.94     -0.32     -0.09      0.31      0.94     -0.13      0.13      0.096     0.99    
   0.97     -0.21     -0.09      0.2       0.97     -0.13      0.12      0.11      0.99    
   0.82     -0.36      0.44     -0.04      0.73      0.68     -0.57     -0.58      0.59    
   0.94     -0.32     -0.09      0.31      0.94     -0.13      0.13      0.096     0.99    
   0.98      0.2      -0.09     -0.21      0.97     -0.13      0.061     0.15      0.99    
   0.69      0.48     -0.54      0.048     0.71      0.7       0.72     -0.51      0.47    
   0.94     -0.32     -0.09      0.31      0.94     -0.13      0.13      0.096     0.99    
   0.98      0.2      -0.09     -0.21      0.97     -0.13      0.061     0.15      0.99    
   0.82      0.047    -0.57     -0.34      0.84     -0.42      0.46      0.54      0.71    
   0.94     -0.32     -0.09      0.31      0.94     -0.13      0.13      0.096     0.99    
   0.99     -0.12     -0.09      0.11      0.99     -0.13      0.1       0.12      0.99    
   0.76      0.1       0.64      0.41      0.68     -0.6      -0.5       0.72      0.48    

XIPOS
   0         0         0       
   0.36      0.33      0.49    
   0.43      0.45      0.51    
   0.56      0.69      0.56    
   0.66      0.96      0.33    
   0.24      0.4       0.5     
   0.04      0.59      0.54    
  -0.16      0.93      0.43    
   0.29      0.21      0.47    
   0.095     0.014     0.44    
  -0.23     -0.16      0.26    
   0.48      0.26      0.48    
   0.74      0.18      0.47    
   1.1       0.2       0.28    
   2.5       0.0009    0.57    
   2.6       0.13      0.6     
   2.7       0.37      0.64    
   2.9       0.62      0.43    
   2.4       0.065     0.57    
   2.2       0.25      0.58    
   2.1       0.5       0.34    
   2.4      -0.12      0.55    
   2.3      -0.32      0.51    
   2        -0.5       0.29    
   2.6      -0.063     0.58    
   2.9      -0.21      0.58    
   3.1      -0.36      0.33    

XIMAT
   1         0         0         0         1         0         0         0         1       
   0.97     -0.24     -0.0052    0.24      0.96     -0.17      0.046     0.16      0.99    
   0.6      -0.61     -0.51     -0.48      0.24     -0.85      0.64      0.75     -0.15    
   0.64     -0.65     -0.41     -0.4       0.17     -0.9       0.65      0.74     -0.15    
   0.91     -0.38     -0.15      0.27      0.84     -0.47      0.3       0.39      0.87    
   0.37      0.36      0.86      0.72      0.48     -0.51     -0.59      0.8      -0.081   
   0.6       0.59      0.54      0.49      0.26     -0.83     -0.63      0.76     -0.14    
   0.81      0.38      0.45      0.15      0.61     -0.78     -0.57      0.7       0.43    
   0.61     -0.6       0.51     -0.24      0.48      0.85     -0.75     -0.64      0.15    
   0.38     -0.37      0.85     -0.47      0.71      0.52     -0.79     -0.6       0.092   
   0.69     -0.057     0.72     -0.3       0.89      0.36     -0.66     -0.46      0.6     
   0.36      0.37     -0.86      0.48      0.72      0.51      0.8      -0.59      0.081   
   0.02      0.028    -1         0.58      0.81      0.034     0.81     -0.58      0.00056 
   0.49     -0.45     -0.75      0.59      0.8      -0.086     0.64     -0.4       0.66    
   0.94     -0.32     -0.09      0.31      0.94     -0.13      0.13      0.096     0.99    
   0.57     -0.69     -0.44     -0.41      0.23     -0.88      0.71      0.68     -0.16    
   0.53     -0.66     -0.54     -0.48      0.29     -0.83      0.7       0.7      -0.16    
   0.9      -0.28     -0.32      0.096     0.87     -0.49      0.42      0.41      0.81    
   0.38      0.25      0.89      0.72      0.53     -0.45     -0.59      0.81      0.022   
   0.65      0.52      0.55      0.47      0.29     -0.83     -0.59      0.8      -0.06    
   0.97      0.21      0.15     -0.12      0.88     -0.47     -0.23      0.44      0.87    
   0.69     -0.57      0.44     -0.23      0.41      0.88     -0.68     -0.71      0.16    
   0.45     -0.32      0.83     -0.5       0.68      0.54     -0.74     -0.66      0.15    
   0.79      0.014     0.61     -0.29      0.89      0.35     -0.54     -0.46      0.71    
   0.25      0.38     -0.89      0.53      0.72      0.45      0.81     -0.59     -0.022   
   0.37      0.5      -0.78      0.45      0.64      0.62      0.81     -0.59      0.011   
   0.88     -0.016    -0.47      0.12      0.97      0.19      0.45     -0.23      0.86    

XANCHOR
   0.36      0.33      0.49    
   0.5       0.57      0.53    
   0.62      0.82      0.58    
   0.12      0.47      0.52    
  -0.037     0.7       0.56    
   0.21      0.088     0.45    
  -0.025    -0.06      0.43    
   0.6       0.18      0.47    
   0.88      0.17      0.47    
   2.5       0.0009    0.57    
   2.6       0.25      0.62    
   2.8       0.48      0.66    
   2.3       0.13      0.57    
   2.1       0.36      0.59    
   2.4      -0.25      0.53    
   2.1      -0.4       0.49    
   2.8      -0.13      0.58    
   3        -0.3       0.58    

XAXIS
   0         0         1       
  -0.0052   -0.17      0.99    
  -0.91      0.4       0.063   
  -0.0052   -0.17      0.99    
   0.84      0.53      0.094   
  -0.0052   -0.17      0.99    
  -0.53      0.84      0.14    
  -0.0052   -0.17      0.99    
   0.034     0.99      0.17    
   0         0         1       
  -0.09     -0.13      0.99    
  -0.84      0.55     -0.0042  
  -0.09     -0.13      0.99    
   0.83      0.54      0.15    
  -0.09     -0.13      0.99    
  -0.55      0.83      0.06    
  -0.09     -0.13      0.99    
   0.61      0.77      0.16    

GEOM_XPOS
   0         0         0       
   0.36      0.33      0.49    
   0.43      0.45      0.51    
   0.56      0.69      0.56    
   0.66      0.96      0.33    
   0.24      0.4       0.5     
   0.04      0.59      0.54    
  -0.16      0.93      0.43    
   0.29      0.21      0.47    
   0.095     0.014     0.44    
  -0.23     -0.16      0.26    
   0.48      0.26      0.48    
   0.74      0.18      0.47    
   1.1       0.2       0.28    
   2.5       0.0009    0.57    
   2.6       0.13      0.6     
   2.7       0.37      0.64    
   2.9       0.62      0.43    
   2.4       0.065     0.57    
   2.2       0.25      0.58    
   2.1       0.5       0.34    
   2.4      -0.12      0.55    
   2.3      -0.32      0.51    
   2        -0.5       0.29    
   2.6      -0.063     0.58    
   2.9      -0.21      0.58    
   3.1      -0.36      0.33    

GEOM_XMAT
   1         0         0         0         1         0         0         0         1       
   0.97     -0.24     -0.0052    0.24      0.96     -0.17      0.046     0.16      0.99    
   0.6      -0.61     -0.51     -0.48      0.24     -0.85      0.64      0.75     -0.15    
   0.64     -0.65     -0.41     -0.4       0.17     -0.9       0.65      0.74     -0.15    
   0.91     -0.38     -0.15      0.27      0.84     -0.47      0.3       0.39      0.87    
   0.37      0.36      0.86      0.72      0.48     -0.51     -0.59      0.8      -0.081   
   0.6       0.59      0.54      0.49      0.26     -0.83     -0.63      0.76     -0.14    
   0.81      0.38      0.45      0.15      0.61     -0.78     -0.57      0.7       0.43    
   0.61     -0.6       0.51     -0.24      0.48      0.85     -0.75     -0.64      0.15    
   0.38     -0.37      0.85     -0.47      0.71      0.52     -0.79     -0.6       0.092   
   0.69     -0.057     0.72     -0.3       0.89      0.36     -0.66     -0.46      0.6     
   0.36      0.37     -0.86      0.48      0.72      0.51      0.8      -0.59      0.081   
   0.02      0.028    -1         0.58      0.81      0.034     0.81     -0.58      0.00056 
   0.49     -0.45     -0.75      0.59      0.8      -0.086     0.64     -0.4       0.66    
   0.94     -0.32     -0.09      0.31      0.94     -0.13      0.13      0.096     0.99    
   0.57     -0.69     -0.44     -0.41      0.23     -0.88      0.71      0.68     -0.16    
   0.53     -0.66     -0.54     -0.48      0.29     -0.83      0.7       0.7      -0.16    
   0.9      -0.28     -0.32      0.096     0.87     -0.49      0.42      0.41      0.81    
   0.38      0.25      0.89      0.72      0.53     -0.45     -0.59      0.81      0.022   
   0.65      0.52      0.55      0.47      0.29     -0.83     -0.59      0.8      -0.06    
   0.97      0.21      0.15     -0.12      0.88     -0.47     -0.23      0.44      0.87    
   0.69     -0.57      0.44     -0.23      0.41      0.88     -0.68     -0.71      0.16    
   0.45     -0.32      0.83     -0.5       0.68      0.54     -0.74     -0.66      0.15    
   0.79      0.014     0.61     -0.29      0.89      0.35     -0.54     -0.46      0.71    
   0.25      0.38     -0.89      0.53      0.72      0.45      0.81     -0.59     -0.022   
   0.37      0.5      -0.78      0.45      0.64      0.62      0.81     -0.59      0.011   
   0.88     -0.016    -0.47      0.12      0.97      0.19      0.45     -0.23      0.86    

CAM_XPOS
   0.35     -2.6       0.75    
   2.5      -3         0.81    

CAM_XMAT
   1         0         0         0         2.2e-16  -1         0         1         2.2e-16 
   1         0         0         0         2.2e-16  -1         0         1         2.2e-16 

SUBTREE_COM
   1.4       0.2       0.48    
   0.35      0.38      0.45    
   0.57      0.75      0.44    
   0.63      0.86      0.41    
   0.66      0.96      0.33    
  -0.001     0.69      0.48    
  -0.089     0.8       0.47    
  -0.16      0.93      0.43    
  -0.0036   -0.015     0.36    
  -0.11     -0.097     0.32    
  -0.23     -0.16      0.26    
   0.84      0.21      0.39    
   0.97      0.19      0.35    
   1.1       0.2       0.28    
   2.5       0.023     0.51    
   2.7       0.42      0.53    
   2.8       0.53      0.51    
   2.9       0.62      0.43    
   2.2       0.31      0.47    
   2.1       0.41      0.43    
   2.1       0.5       0.34    
   2.2      -0.35      0.42    
   2.1      -0.44      0.37    
   2        -0.5       0.29    
   2.9      -0.24      0.47    
   3        -0.3       0.42    
   3.1      -0.36      0.33    

CDOF
   0         0         0         1         0         0       
   0         0         0         0         1         0       
   0         0         0         0         0         1       
   0.97      0.24      0.046    -0.014     0.047     0.052   
  -0.24      0.96      0.16     -0.055    -0.013    -0.0079  
  -0.0052   -0.17      0.99     -0.044    -0.0053   -0.0011  
  -0.0052   -0.17      0.99      0.2      -0.15     -0.024   
  -0.91      0.4       0.063    -0.026    -0.14      0.51    
  -0.0052   -0.17      0.99      0.1       0.23      0.04    
   0.84      0.53      0.094    -0.028     0.13     -0.48    
  -0.0052   -0.17      0.99     -0.29      0.14      0.022   
  -0.53      0.84      0.14     -0.045     0.062    -0.55    
  -0.0052   -0.17      0.99     -0.19     -0.24     -0.042   
   0.034     0.99      0.17     -0.059    -0.087     0.53    
   0         0         0         1         0         0       
   0         0         0         0         1         0       
   0         0         0         0         0         1       
   0.94      0.31      0.13     -0.023     0.063     0.021   
  -0.32      0.94      0.096    -0.065    -0.021    -0.0061  
  -0.09     -0.13      0.99     -0.013    -0.007    -0.0021  
  -0.09     -0.13      0.99      0.24     -0.13      0.004   
  -0.84      0.55     -0.0042   -0.087    -0.13      0.54    
  -0.09     -0.13      0.99      0.11      0.24      0.042   
   0.83      0.54      0.15      0.0084    0.12     -0.5     
  -0.09     -0.13      0.99     -0.27      0.12     -0.0083  
  -0.55      0.83      0.06     -0.0094    0.032    -0.53    
  -0.09     -0.13      0.99     -0.14     -0.26     -0.047   
   0.61      0.77      0.16     -0.11     -0.032     0.57    

CINERT
   0         0         0         0         0         0         0         0         0         0       
   0.0098    0.009     0.0091    8.8e-05  -8.1e-05   0.00083   0.0017   -0.017     0.016     0.33    
   0.00081   0.00067   0.00097  -0.0004   -0.00024  -0.00024   0.003     0.0026    0.0027    0.039   
   0.0048    0.0024    0.0061   -0.0027   -0.00093  -0.0014    0.0081    0.012     0.0043    0.039   
   0.026     0.0094    0.03     -0.012     0.0027    0.0054    0.021     0.039    -0.0076    0.068   
   0.00039   0.0011    0.0011    0.00028   0.0003   -6.3e-05  -0.0046    0.00075   0.0023    0.039   
   0.0025    0.0044    0.0061    0.0028    0.0011   -0.00079  -0.012     0.0081    0.0035    0.039   
   0.022     0.019     0.041     0.02     -0.00093   0.0013   -0.035     0.037    -0.00086   0.068   
   0.0016    0.00045   0.0019   -0.00065   4e-05     0.00013  -0.0026   -0.0067    0.0011    0.039   
   0.0055    0.0031    0.0084   -0.0039   -9.4e-05  -0.0001   -0.01     -0.014    -0.00023   0.039   
   0.024     0.028     0.045    -0.022    -0.0084   -0.0074   -0.039    -0.037    -0.013     0.068   
   0.00089   0.0011    0.0018    0.00081  -0.00015   0.00016   0.005    -0.0049    0.0014    0.039   
   0.0017    0.0065    0.0081    0.0031   -0.00039   0.0002    0.015    -0.0079    0.001     0.039   
   0.0053    0.042     0.041     0.0089    0.0093   -0.0018    0.05     -0.012    -0.011     0.068   
   0.0098    0.0096    0.0083    7.9e-06  -2.3e-05   0.00049   0.00035  -0.0073    0.022     0.33    
   0.0012    0.00068   0.0011   -0.00043  -0.00025  -0.00042   0.0025    0.004     0.0035    0.039   
   0.0058    0.0026    0.0068   -0.0029   -0.0011   -0.0019    0.0079    0.013     0.0052    0.039   
   0.027     0.012     0.035    -0.015     0.0025    0.004     0.025     0.041    -0.005     0.068   
   0.00044   0.0012    0.0012    0.00038   0.0003   -9.9e-05  -0.0049    0.0016    0.0025    0.039   
   0.0026    0.0047    0.0068    0.0031    0.0009   -0.00062  -0.013     0.0087    0.0027    0.039   
   0.02      0.018     0.03      0.015    -0.0054    0.0064   -0.03      0.032    -0.011     0.068   
   0.0014    0.00044   0.0016   -0.00053   7.6e-05   0.00019  -0.0024   -0.0058    0.0017    0.039   
   0.005     0.0027    0.0076   -0.0035   -4.2e-05  -1.6e-05  -0.0095   -0.014     5.5e-05   0.039   
   0.023     0.025     0.039    -0.019    -0.009    -0.0084   -0.036    -0.035    -0.015     0.068   
   0.00069   0.0013    0.0015    0.00061  -0.00036   0.00024   0.005    -0.0034    0.0027    0.039   
   0.0027    0.0058    0.008     0.0036   -0.001     0.00066   0.014    -0.0093    0.0028    0.039   
   0.014     0.03      0.036     0.016     0.0082   -0.0049    0.041    -0.026    -0.012     0.068   

ACTUATOR_LENGTH
   76      
   1.1e+02 
   17      
   1.8e+02 
  -69      
  -88      
  -71      
  -83      
  -31      
   1.6e+02 
  -17      
   1.7e+02 
  -79      
  -1.7e+02 
  -79      
  -96      

actuator_moment
------------------------------
             x                |
              x               |
       x                      |
        x                     |
         x                    |
          x                   |
           x                  |
            x                 |
                           x  |
                            x |
                     x        |
                      x       |
                       x      |
                        x     |
                         x    |
                          x   |
------------------------------

ACTUATOR_MOMENT
    12:  1.5e+02 
    13:  1.5e+02 
     6:  1.5e+02 
     7:  1.5e+02 
     8:  1.5e+02 
     9:  1.5e+02 
    10:  1.5e+02 
    11:  1.5e+02 
    26:  1.5e+02 
    27:  1.5e+02 
    20:  1.5e+02 
    21:  1.5e+02 
    22:  1.5e+02 
    23:  1.5e+02 
    24:  1.5e+02 
    25:  1.5e+02 

CRB
   0         0         0         0         0         0         0         0         0         0       
   0.11      0.13      0.2      -0.0059    0.0022   -0.0038   -2.1e-17  -1.4e-17  -3.8e-17   0.91    
   0.032     0.012     0.037    -0.015     0.0015    0.0037    0.032     0.054    -0.00056   0.15    
   0.031     0.012     0.036    -0.015     0.0017    0.004     0.029     0.051    -0.0033    0.11    
   0.026     0.0094    0.03     -0.012     0.0027    0.0054    0.021     0.039    -0.0076    0.068   
   0.025     0.025     0.048     0.023     0.00052   0.00046  -0.052     0.046     0.005     0.15    
   0.025     0.024     0.047     0.023     0.00022   0.00052  -0.047     0.045     0.0027    0.11    
   0.022     0.019     0.041     0.02     -0.00093   0.0013   -0.035     0.037    -0.00086   0.068   
   0.031     0.031     0.055    -0.027    -0.0085   -0.0073   -0.052    -0.058    -0.012     0.15    
   0.029     0.031     0.053    -0.026    -0.0085   -0.0075   -0.05     -0.051    -0.013     0.11    
   0.024     0.028     0.045    -0.022    -0.0084   -0.0074   -0.039    -0.037    -0.013     0.068   
   0.0079    0.049     0.051     0.013     0.0088   -0.0015    0.07     -0.025    -0.0085    0.15    
   0.007     0.048     0.049     0.012     0.0089   -0.0016    0.065    -0.02     -0.0099    0.11    
   0.0053    0.042     0.041     0.0089    0.0093   -0.0018    0.05     -0.012    -0.011     0.068   
   0.11      0.11      0.18     -0.0041   -0.0053   -0.0043   -4.2e-16  -6.9e-18  -1.1e-16   0.91    
   0.034     0.015     0.043    -0.019     0.0011    0.0017    0.035     0.058     0.0037    0.15    
   0.033     0.014     0.041    -0.018     0.0014    0.0021    0.033     0.054     0.00025   0.11    
   0.027     0.012     0.035    -0.015     0.0025    0.004     0.025     0.041    -0.005     0.068   
   0.023     0.024     0.038     0.018    -0.0042    0.0057   -0.048     0.042    -0.0062    0.15    
   0.022     0.022     0.036     0.018    -0.0045    0.0058   -0.043     0.041    -0.0087    0.11    
   0.02      0.018     0.03      0.015    -0.0054    0.0064   -0.03      0.032    -0.011     0.068   
   0.03      0.028     0.048    -0.023    -0.0089   -0.0082   -0.048    -0.055    -0.013     0.15    
   0.028     0.028     0.047    -0.023    -0.009    -0.0084   -0.046    -0.049    -0.015     0.11    
   0.023     0.025     0.039    -0.019    -0.009    -0.0084   -0.036    -0.035    -0.015     0.068   
   0.017     0.037     0.045     0.02      0.0068   -0.004     0.06     -0.038    -0.0063    0.15    
   0.017     0.035     0.044     0.019     0.0071   -0.0042    0.055    -0.035    -0.009     0.11    
   0.014     0.03      0.036     0.016     0.0082   -0.0049    0.041    -0.026    -0.012     0.068   

QM
   0.91    
   0         0.91    
   0         0         0.91    
  -0.013     0.042     0.047     0.11    
  -0.05     -0.012    -0.0072    0.00035   0.13    
  -0.04     -0.0049   -0.001     0.0058    0.0094    0.2     
  -0.029     0.013     0.002     0.0048    0.006     0.021     1       
  -0.0073   -0.015    -0.0094   -0.0092    0.0076   -0.00059   0         1       
  -0.034    -0.022    -0.0038   -0.0021    0.0063    0.032                         1       
  -0.0058    0.0062    0.017     0.015     0.0072   -0.0013                       -8.7e-19   1       
   0.022    -0.034    -0.0056   -0.006    -0.0019    0.032                                             1       
  -0.0086   -0.0079    0.015    -0.0071    0.015    -0.0013                                           -8.7e-19   1       
   0.0013    0.038     0.0065    0.0072   -0.0021    0.029                                                                 1       
  -0.013     0.0028   -0.014     0.0062    0.014    -0.0017                                                                1.1e-18   1       
                                                                                                                                               0.91    
                                                                                                                                               0         0.91    
                                                                                                                                               0         0         0.91    
                                                                                                                                              -0.021     0.057     0.019     0.12    
                                                                                                                                              -0.059    -0.019    -0.0055   -0.0036    0.12    
                                                                                                                                              -0.012    -0.0064   -0.002     0.0029    0.0054    0.18    
                                                                                                                                              -0.028     0.018    -0.00014   0.0062    0.005     0.023     1       
                                                                                                                                              -0.0084   -0.013    -0.011    -0.0083    0.0099    0.00053  -3e-18     1       
                                                                                                                                              -0.027    -0.018    -0.0048   -0.002     0.0076    0.021                         1       
                                                                                                                                              -0.01      0.013     0.009     0.012     0.0043   -0.0025                       -1.7e-18   1       
                                                                                                                                               0.022    -0.033    -0.0024   -0.0068   -0.0018    0.031                                             1       
                                                                                                                                              -0.011    -0.0081    0.014    -0.0062    0.015    -0.0016                                           -4.3e-18   1       
                                                                                                                                               0.021     0.026     0.0054    0.0044   -0.0068    0.024                                                                 1       
                                                                                                                                              -0.012     0.012    -0.0092    0.011     0.0078    0.00095                                                              -2.6e-18   1       

QLD
     0:  0.88    
     0: -0.00024    1:  0.89    
     0:  0.0025     1: -0.022      2:  0.89    
     0: -0.11       1:  0.39       2:  0.44       3:  0.11    
     0: -0.36       1: -0.085      2: -0.055      3:  0.00032    4:  0.13    
     0: -0.2        1: -0.023      2: -0.0048     3:  0.029      4:  0.047      5:  0.2     
     0: -0.028      1:  0.013      2:  0.002      3:  0.0047     4:  0.0059     5:  0.02       6:  1       
     0: -0.0072     1: -0.015      2: -0.0094     3: -0.0091     4:  0.0075     5: -0.00058    6:  0          7:  1       
     0: -0.033      1: -0.021      2: -0.0037     3: -0.0021     4:  0.0062     5:  0.031      8:  1       
     0: -0.0058     1:  0.0061     2:  0.017      3:  0.015      4:  0.0071     5: -0.0013     8: -8.6e-19    9:  1       
     0:  0.021      1: -0.034      2: -0.0055     3: -0.0059     4: -0.0019     5:  0.031     10:  1       
     0: -0.0085     1: -0.0079     2:  0.015      3: -0.0071     4:  0.015      5: -0.0013    10: -8.6e-19   11:  1       
     0:  0.0013     1:  0.038      2:  0.0063     3:  0.0071     4: -0.0021     5:  0.028     12:  1       
     0: -0.013      1:  0.0028     2: -0.014      3:  0.0061     4:  0.014      5: -0.0017    12:  1.1e-18   13:  1       
    14:  0.87    
    14:  0.0018    15:  0.88    
    14:  0.0009    15: -0.012     16:  0.91    
    14: -0.19      15:  0.49      16:  0.17      17:  0.11    
    14: -0.49      15: -0.16      16: -0.046     17: -0.03      18:  0.12    
    14: -0.067     15: -0.034     16: -0.01      17:  0.016     18:  0.03      19:  0.18    
    14: -0.027     15:  0.018     16: -0.00014   17:  0.0062    18:  0.0049    19:  0.022     20:  1       
    14: -0.0084    15: -0.013     16: -0.011     17: -0.0082    18:  0.0098    19:  0.00053   20: -3e-18     21:  1       
    14: -0.027     15: -0.017     16: -0.0047    17: -0.002     18:  0.0075    19:  0.021     22:  1       
    14: -0.01      15:  0.013     16:  0.0089    17:  0.012     18:  0.0042    19: -0.0024    22: -1.7e-18   23:  1       
    14:  0.021     15: -0.033     16: -0.0024    17: -0.0066    18: -0.0017    19:  0.03      24:  1       
    14: -0.011     15: -0.008     16:  0.013     17: -0.0062    18:  0.015     19: -0.0016    24: -4.3e-18   25:  1       
    14:  0.021     15:  0.026     16:  0.0053    17:  0.0044    18: -0.0067    19:  0.023     26:  1       
    14: -0.012     15:  0.011     16: -0.0091    17:  0.011     18:  0.0077    19:  0.00094   26: -2.6e-18   27:  1       

QLDIAGINV
   1.1     
   1.1     
   1.1     
   9.3     
   7.7     
   5.1     
   0.99    
   0.99    
   0.98    
   0.99    
   0.98    
   0.99    
   0.98    
   0.99    
   1.1     
   1.1     
   1.1     
   8.7     
   8.4     
   5.6     
   0.99    
   0.99    
   0.99    
   0.99    
   0.98    
   0.99    
   0.99    
   0.99    

B: body-dof matrix
------------------------------
 xxxxxxxxxxxxxxxxxxxxxxxxxxxx |
 xxxxxxxxxxxxxx               |
 xxxxxxxx                     |
 xxxxxxxx                     |
 xxxxxxxx                     |
 xxxxxx  xx                   |
 xxxxxx  xx                   |
 xxxxxx  xx                   |
 xxxxxx    xx                 |
 xxxxxx    xx                 |
 xxxxxx    xx                 |
 xxxxxx      xx               |
 xxxxxx      xx               |
 xxxxxx      xx               |
               xxxxxxxxxxxxxx |
               xxxxxxxx       |
               xxxxxxxx       |
               xxxxxxxx       |
               xxxxxx  xx     |
               xxxxxx  xx     |
               xxxxxx  xx     |
               xxxxxx    xx   |
               xxxxxx    xx   |
               xxxxxx    xx   |
               xxxxxx      xx |
               xxxxxx      xx |
               xxxxxx      xx |
------------------------------

B_rownnz              28 14 8 8 8 8 8 8 8 8 8 8 8 8 14 8 8 8 8 8 8 8 8 8 8 8 8

B_rowadr              0 28 42 50 58 66 74 82 90 98 106 114 122 130 138 152 160 168 176 184 192 200 208 216 224 232 240

B_colind              0 1 2 3 4 5 6 7 8 9 10 11 12 13 14 15 16 17 18 19 20 21 22 23 24 25 26 27 0 1 2 3 4 5 6 7 8 9 10 11 12 13 0 1 2 3 4 5 6 7 0 1 2 3 4 5 6 7 0 1 2 3 4 5 6 7 0 1 2 3 4 5 8 9 0 1 2 3 4 5 8 9 0 1 2 3 4 5 8 9 0 1 2 3 4 5 10 11 0 1 2 3 4 5 10 11 0 1 2 3 4 5 10 11 0 1 2 3 4 5 12 13 0 1 2 3 4 5 12 13 0 1 2 3 4 5 12 13 14 15 16 17 18 19 20 21 22 23 24 25 26 27 14 15 16 17 18 19 20 21 14 15 16 17 18 19 20 21 14 15 16 17 18 19 20 21 14 15 16 17 18 19 22 23 14 15 16 17 18 19 22 23 14 15 16 17 18 19 22 23 14 15 16 17 18 19 24 25 14 15 16 17 18 19 24 25 14 15 16 17 18 19 24 25 14 15 16 17 18 19 26 27 14 15 16 17 18 19 26 27 14 15 16 17 18 19 26 27

C: reduced dof-dof matrix
------------------------------
 x                            |
 xx                           |
 xxx                          |
 xxxx                         |
 xxxxx                        |
 xxxxxx                       |
 xxxxxxx                      |
 xxxxxxxx                     |
 xxxxxx  x                    |
 xxxxxx  xx                   |
 xxxxxx    x                  |
 xxxxxx    xx                 |
 xxxxxx      x                |
 xxxxxx      xx               |
               x              |
               xx             |
               xxx            |
               xxxx           |
               xxxxx          |
               xxxxxx         |
               xxxxxxx        |
               xxxxxxxx       |
               xxxxxx  x      |
               xxxxxx  xx     |
               xxxxxx    x    |
               xxxxxx    xx   |
               xxxxxx      x  |
               xxxxxx      xx |
------------------------------

C_rownnz              1 2 3 4 5 6 7 8 7 8 7 8 7 8 1 2 3 4 5 6 7 8 7 8 7 8 7 8

C_rowadr              0 1 3 6 10 15 21 28 36 43 51 58 66 73 81 82 84 87 91 96 102 109 117 124 132 139 147 154

C_colind              0 0 1 0 1 2 0 1 2 3 0 1 2 3 4 0 1 2 3 4 5 0 1 2 3 4 5 6 0 1 2 3 4 5 6 7 0 1 2 3 4 5 8 0 1 2 3 4 5 8 9 0 1 2 3 4 5 10 0 1 2 3 4 5 10 11 0 1 2 3 4 5 12 0 1 2 3 4 5 12 13 14 14 15 14 15 16 14 15 16 17 14 15 16 17 18 14 15 16 17 18 19 14 15 16 17 18 19 20 14 15 16 17 18 19 20 21 14 15 16 17 18 19 22 14 15 16 17 18 19 22 23 14 15 16 17 18 19 24 14 15 16 17 18 19 24 25 14 15 16 17 18 19 26 14 15 16 17 18 19 26 27

mapM2C                0 2 1 5 4 3 9 8 7 6 14 13 12 11 10 20 19 18 17 16 15 27 26 25 24 23 22 21 35 34 33 32 31 30 29 28 42 41 40 39 38 37 36 50 49 48 47 46 45 44 43 57 56 55 54 53 52 51 65 64 63 62 61 60 59 58 72 71 70 69 68 67 66 80 79 78 77 76 75 74 73 81 83 82 86 85 84 90 89 88 87 95 94 93 92 91 101 100 99 98 97 96 108 107 106 105 104 103 102 116 115 114 113 112 111 110 109 123 122 121 120 119 118 117 131 130 129 128 127 126 125 124 138 137 136 135 134 133 132 146 145 144 143 142 141 140 139 153 152 151 150 149 148 147 161 160 159 158 157 156 155 154

D: dof-dof matrix
------------------------------
 Dxxxxxxxxxxxxx               |
 xDxxxxxxxxxxxx               |
 xxDxxxxxxxxxxx               |
 xxxDxxxxxxxxxx               |
 xxxxDxxxxxxxxx               |
 xxxxxDxxxxxxxx               |
 xxxxxxDx                     |
 xxxxxxxD                     |
 xxxxxx  Dx                   |
 xxxxxx  xD                   |
 xxxxxx    Dx                 |
 xxxxxx    xD                 |
 xxxxxx      Dx               |
 xxxxxx      xD               |
               Dxxxxxxxxxxxxx |
               xDxxxxxxxxxxxx |
               xxDxxxxxxxxxxx |
               xxxDxxxxxxxxxx |
               xxxxDxxxxxxxxx |
               xxxxxDxxxxxxxx |
               xxxxxxDx       |
               xxxxxxxD       |
               xxxxxx  Dx     |
               xxxxxx  xD     |
               xxxxxx    Dx   |
               xxxxxx    xD   |
               xxxxxx      Dx |
               xxxxxx      xD |
------------------------------

D_rownnz              14 14 14 14 14 14 8 8 8 8 8 8 8 8 14 14 14 14 14 14 8 8 8 8 8 8 8 8

D_rowadr              0 14 28 42 56 70 84 92 100 108 116 124 132 140 148 162 176 190 204 218 232 240 248 256 264 272 280 288

D_colind              0 1 2 3 4 5 6 7 8 9 10 11 12 13 0 1 2 3 4 5 6 7 8 9 10 11 12 13 0 1 2 3 4 5 6 7 8 9 10 11 12 13 0 1 2 3 4 5 6 7 8 9 10 11 12 13 0 1 2 3 4 5 6 7 8 9 10 11 12 13 0 1 2 3 4 5 6 7 8 9 10 11 12 13 0 1 2 3 4 5 6 7 0 1 2 3 4 5 6 7 0 1 2 3 4 5 8 9 0 1 2 3 4 5 8 9 0 1 2 3 4 5 10 11 0 1 2 3 4 5 10 11 0 1 2 3 4 5 12 13 0 1 2 3 4 5 12 13 14 15 16 17 18 19 20 21 22 23 24 25 26 27 14 15 16 17 18 19 20 21 22 23 24 25 26 27 14 15 16 17 18 19 20 21 22 23 24 25 26 27 14 15 16 17 18 19 20 21 22 23 24 25 26 27 14 15 16 17 18 19 20 21 22 23 24 25 26 27 14 15 16 17 18 19 20 21 22 23 24 25 26 27 14 15 16 17 18 19 20 21 14 15 16 17 18 19 20 21 14 15 16 17 18 19 22 23 14 15 16 17 18 19 22 23 14 15 16 17 18 19 24 25 14 15 16 17 18 19 24 25 14 15 16 17 18 19 26 27 14 15 16 17 18 19 26 27

mapM2D                0 2 5 9 14 20 27 35 42 50 57 65 72 80 2 1 4 8 13 19 26 34 41 49 56 64 71 79 5 4 3 7 12 18 25 33 40 48 55 63 70 78 9 8 7 6 11 17 24 32 39 47 54 62 69 77 14 13 12 11 10 16 23 31 38 46 53 61 68 76 20 19 18 17 16 15 22 30 37 45 52 60 67 75 27 26 25 24 23 22 21 29 35 34 33 32 31 30 29 28 42 41 40 39 38 37 36 44 50 49 48 47 46 45 44 43 57 56 55 54 53 52 51 59 65 64 63 62 61 60 59 58 72 71 70 69 68 67 66 74 80 79 78 77 76 75 74 73 81 83 86 90 95 101 108 116 123 131 138 146 153 161 83 82 85 89 94 100 107 115 122 130 137 145 152 160 86 85 84 88 93 99 106 114 121 129 136 144 151 159 90 89 88 87 92 98 105 113 120 128 135 143 150 158 95 94 93 92 91 97 104 112 119 127 134 142 149 157 101 100 99 98 97 96 103 111 118 126 133 141 148 156 108 107 106 105 104 103 102 110 116 115 114 113 112 111 110 109 123 122 121 120 119 118 117 125 131 130 129 128 127 126 125 124 138 137 136 135 134 133 132 140 146 145 144 143 142 141 140 139 153 152 151 150 149 148 147 155 161 160 159 158 157 156 155 154

mapD2M                0 15 14 30 29 28 45 44 43 42 60 59 58 57 56 75 74 73 72 71 70 90 89 88 87 86 85 84 99 98 97 96 95 94 93 92 106 105 104 103 102 101 100 115 114 113 112 111 110 109 108 122 121 120 119 118 117 116 131 130 129 128 127 126 125 124 138 137 136 135 134 133 132 147 146 145 144 143 142 141 140 148 163 162 178 177 176 193 192 191 190 208 207 206 205 204 223 222 221 220 219 218 238 237 236 235 234 233 232 247 246 245 244 243 242 241 240 254 253 252 251 250 249 248 263 262 261 260 259 258 257 256 270 269 268 267 266 265 264 279 278 277 276 275 274 273 272 286 285 284 283 282 281 280 295 294 293 292 291 290 289 288

QDERIV
     0:  0          1:  0          2:  0          3:  0          4:  0          5:  0          6:  0          7:  0          8:  0          9:  0         10:  0         11:  0         12:  0         13:  0       
     0:  0          1:  0          2:  0          3:  0          4:  0          5:  0          6:  0          7:  0          8:  0          9:  0         10:  0         11:  0         12:  0         13:  0       
     0:  0          1:  0          2:  0          3:  0          4:  0          5:  0          6:  0          7:  0          8:  0          9:  0         10:  0         11:  0         12:  0         13:  0       
     0:  0          1:  0          2:  0          3:  0          4:  0          5:  0          6:  0          7:  0          8:  0          9:  0         10:  0         11:  0         12:  0         13:  0       
     0:  0          1:  0          2:  0          3:  0          4:  0          5:  0          6:  0          7:  0          8:  0          9:  0         10:  0         11:  0         12:  0         13:  0       
     0:  0          1:  0          2:  0          3:  0          4:  0          5:  0          6:  0          7:  0          8:  0          9:  0         10:  0         11:  0         12:  0         13:  0       
     0:  0          1:  0          2:  0          3:  0          4:  0          5:  0          6:  0          7:  0       
     0:  0          1:  0          2:  0          3:  0          4:  0          5:  0          6:  0          7:  0       
     0:  0          1:  0          2:  0          3:  0          4:  0          5:  0          8:  0          9:  0       
     0:  0          1:  0          2:  0          3:  0          4:  0          5:  0          8:  0          9:  0       
     0:  0          1:  0          2:  0          3:  0          4:  0          5:  0         10:  0         11:  0       
     0:  0          1:  0          2:  0          3:  0          4:  0          5:  0         10:  0         11:  0       
     0:  0          1:  0          2:  0          3:  0          4:  0          5:  0         12:  0         13:  0       
     0:  0          1:  0          2:  0          3:  0          4:  0          5:  0         12:  0         13:  0       
    14:  0         15:  0         16:  0         17:  0         18:  0         19:  0         20:  0         21:  0         22:  0         23:  0         24:  0         25:  0         26:  0         27:  0       
    14:  0         15:  0         16:  0         17:  0         18:  0         19:  0         20:  0         21:  0         22:  0         23:  0         24:  0         25:  0         26:  0         27:  0       
    14:  0         15:  0         16:  0         17:  0         18:  0         19:  0         20:  0         21:  0         22:  0         23:  0         24:  0         25:  0         26:  0         27:  0       
    14:  0         15:  0         16:  0         17:  0         18:  0         19:  0         20:  0         21:  0         22:  0         23:  0         24:  0         25:  0         26:  0         27:  0       
    14:  0         15:  0         16:  0         17:  0         18:  0         19:  0         20:  0         21:  0         22:  0         23:  0         24:  0         25:  0         26:  0         27:  0       
    14:  0         15:  0         16:  0         17:  0         18:  0         19:  0         20:  0         21:  0         22:  0         23:  0         24:  0         25:  0         26:  0         27:  0       
    14:  0         15:  0         16:  0         17:  0         18:  0         19:  0         20:  0         21:  0       
    14:  0         15:  0         16:  0         17:  0         18:  0         19:  0         20:  0         21:  0       
    14:  0         15:  0         16:  0         17:  0         18:  0         19:  0         22:  0         23:  0       
    14:  0         15:  0         16:  0         17:  0         18:  0         19:  0         22:  0         23:  0       
    14:  0         15:  0         16:  0         17:  0         18:  0         19:  0         24:  0         25:  0       
    14:  0         15:  0         16:  0         17:  0         18:  0         19:  0         24:  0         25:  0       
    14:  0         15:  0         16:  0         17:  0         18:  0         19:  0         26:  0         27:  0       
    14:  0         15:  0         16:  0         17:  0         18:  0         19:  0         26:  0         27:  0       

QLU
     0:  0          1:  0          2:  0          3:  0          4:  0          5:  0          6:  0          7:  0          8:  0          9:  0         10:  0         11:  0         12:  0         13:  0       
     0:  0          1:  0          2:  0          3:  0          4:  0          5:  0          6:  0          7:  0          8:  0          9:  0         10:  0         11:  0         12:  0         13:  0       
     0:  0          1:  0          2:  0          3:  0          4:  0          5:  0          6:  0          7:  0          8:  0          9:  0         10:  0         11:  0         12:  0         13:  0       
     0:  0          1:  0          2:  0          3:  0          4:  0          5:  0          6:  0          7:  0          8:  0          9:  0         10:  0         11:  0         12:  0         13:  0       
     0:  0          1:  0          2:  0          3:  0          4:  0          5:  0          6:  0          7:  0          8:  0          9:  0         10:  0         11:  0         12:  0         13:  0       
     0:  0          1:  0          2:  0          3:  0          4:  0          5:  0          6:  0          7:  0          8:  0          9:  0         10:  0         11:  0         12:  0         13:  0       
     0:  0          1:  0          2:  0          3:  0          4:  0          5:  0          6:  0          7:  0       
     0:  0          1:  0          2:  0          3:  0          4:  0          5:  0          6:  0          7:  0       
     0:  0          1:  0          2:  0          3:  0          4:  0          5:  0          8:  0          9:  0       
     0:  0          1:  0          2:  0          3:  0          4:  0          5:  0          8:  0          9:  0       
     0:  0          1:  0          2:  0          3:  0          4:  0          5:  0         10:  0         11:  0       
     0:  0          1:  0          2:  0          3:  0          4:  0          5:  0         10:  0         11:  0       
     0:  0          1:  0          2:  0          3:  0          4:  0          5:  0         12:  0         13:  0       
     0:  0          1:  0          2:  0          3:  0          4:  0          5:  0         12:  0         13:  0       
    14:  0         15:  0         16:  0         17:  0         18:  0         19:  0         20:  0         21:  0         22:  0         23:  0         24:  0         25:  0         26:  0         27:  0       
    14:  0         15:  0         16:  0         17:  0         18:  0         19:  0         20:  0         21:  0         22:  0         23:  0         24:  0         25:  0         26:  0         27:  0       
    14:  0         15:  0         16:  0         17:  0         18:  0         19:  0         20:  0         21:  0         22:  0         23:  0         24:  0         25:  0         26:  0         27:  0       
    14:  0         15:  0         16:  0         17:  0         18:  0         19:  0         20:  0         21:  0         22:  0         23:  0         24:  0         25:  0         26:  0         27:  0       
    14:  0         15:  0         16:  0         17:  0         18:  0         19:  0         20:  0         21:  0         22:  0         23:  0         24:  0         25:  0         26:  0         27:  0       
    14:  0         15:  0         16:  0         17:  0         18:  0         19:  0         20:  0         21:  0         22:  0         23:  0         24:  0         25:  0         26:  0         27:  0       
    14:  0         15:  0         16:  0         17:  0         18:  0         19:  0         20:  0         21:  0       
    14:  0         15:  0         16:  0         17:  0         18:  0         19:  0         20:  0         21:  0       
    14:  0         15:  0         16:  0         17:  0         18:  0         19:  0         22:  0         23:  0       
    14:  0         15:  0         16:  0         17:  0         18:  0         19:  0         22:  0         23:  0       
    14:  0         15:  0         16:  0         17:  0         18:  0         19:  0         24:  0         25:  0       
    14:  0         15:  0         16:  0         17:  0         18:  0         19:  0         24:  0         25:  0       
    14:  0         15:  0         16:  0         17:  0         18:  0         19:  0         26:  0         27:  0       
    14:  0         15:  0         16:  0         17:  0         18:  0         19:  0         26:  0         27:  0       

CONTACT
  0:
     dim           3
     geoms         0 : 0left_ankle_geom
     exclude       0
     efc_address   2
     solref         0.02      1       
     solimp         0.9       0.95      0.001     0.5       2       
     dist           0.0075  
     includemargin  0.01    
     pos            0.71      1.1       0.0038  
     frame          0         0         1        -0.3      -0.95      0         0.95     -0.3       0       
     friction       1         1         0.5       0.5       0.5     
     mu             1       
  1:
     dim           3
     geoms         0 : 0third_ankle_geom
     exclude       0
     efc_address   6
     solref         0.02      1       
     solimp         0.9       0.95      0.001     0.5       2       
     dist           0.0094  
     includemargin  0.01    
     pos           -0.43     -0.26      0.0047  
     frame          0         0         1         0.9       0.44      0        -0.44      0.9       0       
     friction       1         1         0.5       0.5       0.5     
     mu             1       
  2:
     dim           3
     geoms         0 : 1third_ankle_geom
     exclude       0
     efc_address   10
     solref         0.02      1       
     solimp         0.9       0.95      0.001     0.5       2       
     dist           0.01    
     includemargin  0.01    
     pos            1.8      -0.6       0.005   
     frame          0         0         1         0.87      0.5       0        -0.5       0.87      0       
     friction       1         1         0.5       0.5       0.5     
     mu             1       
  3:
     dim           3
     geoms         0 : 1fourth_ankle_geom
     exclude       0
     efc_address   14
     solref         0.02      1       
     solimp         0.9       0.95      0.001     0.5       2       
     dist           0.0098  
     includemargin  0.01    
     pos            3.2      -0.41      0.0049  
     frame          0         0         1        -0.92      0.38      0        -0.38     -0.92      0       
     friction       1         1         0.5       0.5       0.5     
     mu             1       

EFC_TYPE
  3
  3
  6
  6
  6
  6
  6
  6
  6
  6
  6
  6
  6
  6
  6
  6
  6
  6

EFC_ID
  12
  14
  0
  0
  0
  0
  1
  1
  1
  1
  2
  2
  2
  2
  3
  3
  3
  3

EFC_J
   0         0         0         0         0         0         0         0         0         0         0         0         0         0         0         0         0         0         0         0         0         0         1         0         0         0         0         0       
   0         0         0         0         0         0         0         0         0         0         0         0         0         0         0         0         0         0         0         0         0         0         0         0         1         0         0         0       
  -0.3      -0.95      1         0.23     -0.28     -0.067    -0.026     0.29      0         0         0         0         0         0         0         0         0         0         0         0         0         0         0         0         0         0         0         0       
   0.3       0.95      1         1.1      -0.76      0.17      0.088    -0.85      0         0         0         0         0         0         0         0         0         0         0         0         0         0         0         0         0         0         0         0       
   0.95     -0.3       1         0.36     -1.1      -0.69     -0.44     -0.36      0         0         0         0         0         0         0         0         0         0         0         0         0         0         0         0         0         0         0         0       
  -0.95      0.3       1         0.95      0.026     0.8       0.5      -0.2       0         0         0         0         0         0         0         0         0         0         0         0         0         0         0         0         0         0         0         0       
   0.9       0.44      1        -0.27      0.46      0.12      0         0         0         0        -0.015     0.032     0         0         0         0         0         0         0         0         0         0         0         0         0         0         0         0       
  -0.9      -0.44      1        -0.49      1.3      -0.37      0         0         0         0        -0.2       0.86      0         0         0         0         0         0         0         0         0         0         0         0         0         0         0         0       
  -0.44      0.9       1         0.052     0.85     -1.1       0         0         0         0        -0.87      0.34      0         0         0         0         0         0         0         0         0         0         0         0         0         0         0         0       
   0.44     -0.9       1        -0.81      0.96      0.87      0         0         0         0         0.65      0.55      0         0         0         0         0         0         0         0         0         0         0         0         0         0         0         0       
   0         0         0         0         0         0         0         0         0         0         0         0         0         0         0.87      0.5       1        -0.21      0.32      0.17      0         0         0         0         0.0056   -0.083     0         0       
   0         0         0         0         0         0         0         0         0         0         0         0         0         0        -0.87     -0.5       1        -0.49      1.4      -0.24      0         0         0         0        -0.095     0.88      0         0       
   0         0         0         0         0         0         0         0         0         0         0         0         0         0        -0.5       0.87      1         0.087     0.88     -1         0         0         0         0        -0.79      0.35      0         0       
   0         0         0         0         0         0         0         0         0         0         0         0         0         0         0.5      -0.87      1        -0.79      0.84      0.94      0         0         0         0         0.7       0.45      0         0       
   0         0         0         0         0         0         0         0         0         0         0         0         0         0        -0.92      0.38      1        -0.26     -0.15     -0.052     0         0         0         0         0         0        -0.076     0.27    
   0         0         0         0         0         0         0         0         0         0         0         0         0         0         0.92     -0.38      1        -0.97     -0.98      0.32      0         0         0         0         0         0         0.25     -0.82    
   0         0         0         0         0         0         0         0         0         0         0         0         0         0        -0.38     -0.92      1        -1.2      -0.27     -0.68      0         0         0         0         0         0        -0.44     -0.47    
   0         0         0         0         0         0         0         0         0         0         0         0         0         0         0.38      0.92      1        -0.079    -0.86      0.94      0         0         0         0         0         0         0.62     -0.072   

EFC_POS
  -0.0021  
  -0.0038  
   0.0075  
   0.0075  
   0.0075  
   0.0075  
   0.0094  
   0.0094  
   0.0094  
   0.0094  
   0.01    
   0.01    
   0.01    
   0.01    
   0.0098  
   0.0098  
   0.0098  
   0.0098  

EFC_MARGIN
   0       
   0       
   0.01    
   0.01    
   0.01    
   0.01    
   0.01    
   0.01    
   0.01    
   0.01    
   0.01    
   0.01    
   0.01    
   0.01    
   0.01    
   0.01    
   0.01    
   0.01    

EFC_FRICTIONLOSS
   0       
   0       
   0       
   0       
   0       
   0       
   0       
   0       
   0       
   0       
   0       
   0       
   0       
   0       
   0       
   0       
   0       
   0       

EFC_DIAGAPPROX
   0.98    
   0.98    
   16      
   16      
   16      
   16      
   16      
   16      
   16      
   16      
   16      
   16      
   16      
   16      
   16      
   16      
   16      
   16      

EFC_KBIP
   2.8e+03   1.1e+02   0.95      0       
   2.8e+03   1.1e+02   0.95      0       
   2.8e+03   1.1e+02   0.95      0       
   2.8e+03   1.1e+02   0.95      0       
   2.8e+03   1.1e+02   0.95      0       
   2.8e+03   1.1e+02   0.95      0       
   2.8e+03   1.1e+02   0.94     -72      
   2.8e+03   1.1e+02   0.94     -72      
   2.8e+03   1.1e+02   0.94     -72      
   2.8e+03   1.1e+02   0.94     -72      
   2.8e+03   1.1e+02   0.9      -8.4     
   2.8e+03   1.1e+02   0.9      -8.4     
   2.8e+03   1.1e+02   0.9      -8.4     
   2.8e+03   1.1e+02   0.9      -8.4     
   2.8e+03   1.1e+02   0.9      -44      
   2.8e+03   1.1e+02   0.9      -44      
   2.8e+03   1.1e+02   0.9      -44      
   2.8e+03   1.1e+02   0.9      -44      

EFC_D
   19      
   19      
   1.2     
   1.2     
   1.2     
   1.2     
   0.94    
   0.94    
   0.94    
   0.94    
   0.57    
   0.57    
   0.57    
   0.57    
   0.6     
   0.6     
   0.6     
   0.6     

EFC_R
   0.052   
   0.052   
   0.84    
   0.84    
   0.84    
   0.84    
   1.1     
   1.1     
   1.1     
   1.1     
   1.8     
   1.8     
   1.8     
   1.8     
   1.7     
   1.7     
   1.7     
   1.7     

ACTUATOR_VELOCITY
  -47      
   2e+02   
   69      
  -25      
  -1e+02   
  -1.5e+02 
   21      
  -92      
  -1.9     
   58      
  -96      
   1.5e+02 
   22      
   49      
   46      
  -1.7e+02 

CVEL
   0         0         0         0         0         0       
  -0.6      -0.38     -0.13     -0.068     0.24      0.28    
  -0.6      -0.38     -0.13     -0.068     0.24      0.28    
  -0.6      -0.45      0.32      0.024     0.17      0.27    
  -0.45     -0.52      0.31      0.029     0.19      0.19    
  -0.6      -0.38     -0.13     -0.068     0.24      0.28    
  -0.6      -0.26     -0.8      -0.14      0.078     0.26    
  -1.4      -0.78     -0.89     -0.11     -0.047     0.72    
  -0.6      -0.38     -0.13     -0.068     0.24      0.28    
  -0.6      -0.4       0.01     -0.11      0.26      0.29    
  -0.28     -0.92     -0.074    -0.081     0.22      0.63    
  -0.6      -0.38     -0.13     -0.068     0.24      0.28    
  -0.6      -0.32     -0.44     -0.0083    0.31      0.3     
  -0.56      0.97     -0.22     -0.086     0.2       1       
  -0.41      0.11      0.12     -0.053    -0.013     0.11    
  -0.41      0.11      0.12     -0.053    -0.013     0.11    
  -0.35      0.19     -0.52     -0.21      0.074     0.1     
  -1.2       0.74     -0.52     -0.29     -0.056     0.64    
  -0.41      0.11      0.12     -0.053    -0.013     0.11    
  -0.42      0.091     0.27     -0.036     0.024     0.11    
  -0.15      0.27      0.31     -0.033     0.064    -0.051   
  -0.41      0.11      0.12     -0.053    -0.013     0.11    
  -0.43      0.07      0.42     -0.13      0.024     0.1     
   0.17     -0.85      0.35     -0.12     -0.012     0.69    
  -0.41      0.11      0.12     -0.053    -0.013     0.11    
  -0.41      0.11      0.11     -0.051    -0.0094    0.11    
  -0.17      0.41      0.17     -0.092    -0.022     0.33    

CDOF_DOT
   0         0         0         0         0         0       
   0         0         0         0         0         0       
   0         0         0         0         0         0       
   0         0         0        -0.064     0.31     -0.28    
   0        -0         0        -0.26     -0.063    -0.024   
   0        -0         0         0.31      0.09      0.017   
  -0.39      0.59      0.098     0.27      0.025     0.18    
  -0.16     -0.26     -0.66     -0.29      0.049     0.24    
  -0.39      0.59      0.098     0.3       0.076    -0.09    
   0.4      -0.62     -0.098     0.1      -0.037    -0.22    
  -0.39      0.59      0.098     0.29      0.12     -0.18    
  -0.064     0.078    -0.72      0.015    -0.47     -0.01    
  -0.39      0.59      0.098     0.27      0.064     0.089   
   0.38      0.085    -0.58     -0.45      0.36      0.014   
   0         0         0         0         0         0       
   0         0         0         0         0         0       
   0         0         0         0         0         0       
   0         0         0        -0.033     0.11     -0.027   
   0        -0         0        -0.11     -0.032    -0.036   
   0        -0         0         0.029     0.032     0.0069  
   0.12      0.39      0.063     0.018     0.073     0.034   
   0.28      0.43     -0.028    -0.019     0.15      0.011   
   0.12      0.39      0.063    -0.023     0.073    -0.11    
  -0.13      0.28     -0.3      -0.14     -0.11     -0.092   
   0.12      0.39      0.063    -0.014     0.0077   -0.014   
  -0.35     -0.2      -0.32     -0.14     -0.28     -0.11    
   0.12      0.39      0.063     0.027     0.0073    0.13    
  -0.064     0.13     -0.38     -0.017     0.29     -0.0088  

QFRC_BIAS
   0.02    
  -0.1     
   9       
   0.45    
  -0.064   
   0.02    
   0.017   
  -0.089   
  -0.028   
   0.16    
  -0.049   
   0.15    
   0.066   
  -0.14    
  -0.02    
  -0.018   
   9       
   0.21    
  -0.053   
  -0.0097  
   0.0043  
  -0.11    
  -0.045   
   0.088   
  -0.028   
   0.13    
   0.052   
  -0.09    

QFRC_SPRING
   0       
   0       
   0       
   0       
   0       
   0       
   0       
   0       
   0       
   0       
   0       
   0       
   0       
   0       
   0       
   0       
   0       
   0       
   0       
   0       
   0       
   0       
   0       
   0       
   0       
   0       
   0       
   0       

QFRC_DAMPER
   0       
   0       
   0       
   0       
   0       
   0       
  -0.46    
   0.17    
   0.68    
   0.97    
  -0.14    
   0.61    
   0.31    
  -1.3     
   0       
   0       
   0       
   0       
   0       
   0       
   0.64    
  -1       
  -0.15    
  -0.33    
  -0.31    
   1.1     
   0.013   
  -0.39    

QFRC_GRAVCOMP
   0       
   0       
   0       
   0       
   0       
   0       
   0       
   0       
   0       
   0       
   0       
   0       
   0       
   0       
   0       
   0       
   0       
   0       
   0       
   0       
   0       
   0       
   0       
   0       
   0       
   0       
   0       
   0       

QFRC_FLUID
   0       
   0       
   0       
   0       
   0       
   0       
   0       
   0       
   0       
   0       
   0       
   0       
   0       
   0       
   0       
   0       
   0       
   0       
   0       
   0       
   0       
   0       
   0       
   0       
   0       
   0       
   0       
   0       

QFRC_PASSIVE
   0       
   0       
   0       
   0       
   0       
   0       
  -0.46    
   0.17    
   0.68    
   0.97    
  -0.14    
   0.61    
   0.31    
  -1.3     
   0       
   0       
   0       
   0       
   0       
   0       
   0.64    
  -1       
  -0.15    
  -0.33    
  -0.31    
   1.1     
   0.013   
  -0.39    

EFC_VEL
   0.15    
   0.31    
  -0.059   
   0.16    
   0.055   
   0.047   
   0.4     
  -0.23    
   0.1     
   0.068   
   0.35    
  -0.39    
  -0.43    
   0.39    
   0.31    
  -0.12    
   0.17    
   0.024   

EFC_AREF
  -10      
  -22      
   13      
  -10      
   0.79    
   1.5     
  -40      
   26      
  -9       
  -5.5     
  -37      
   41      
   46      
  -41      
  -32      
   13      
  -17      
  -2       

SUBTREE_LINVEL
   0         0         0       
   0         0         0       
   0         0         0       
   0         0         0       
   0         0         0       
   0         0         0       
   0         0         0       
   0         0         0       
   0         0         0       
   0         0         0       
   0         0         0       
   0         0         0       
   0         0         0       
   0         0         0       
   0         0         0       
   0         0         0       
   0         0         0       
   0         0         0       
   0         0         0       
   0         0         0       
   0         0         0       
   0         0         0       
   0         0         0       
   0         0         0       
   0         0         0       
   0         0         0       
   0         0         0       

SUBTREE_ANGMOM
   0         0         0       
   0         0         0       
   0         0         0       
   0         0         0       
   0         0         0       
   0         0         0       
   0         0         0       
   0         0         0       
   0         0         0       
   0         0         0       
   0         0         0       
   0         0         0       
   0         0         0       
   0         0         0       
   0         0         0       
   0         0         0       
   0         0         0       
   0         0         0       
   0         0         0       
   0         0         0       
   0         0         0       
   0         0         0       
   0         0         0       
   0         0         0       
   0         0         0       
   0         0         0       
   0         0         0       

ACTUATOR_FORCE
   0.12    
  -0.6     
   0.44    
  -0.54    
  -0.52    
  -0.49    
  -0.069   
   0.66    
   0.12    
  -0.83    
  -0.2     
   0.5     
   0.76    
  -0.59    
   0.22    
  -0.046   

QFRC_ACTUATOR
   0       
   0       
   0       
   0       
   0       
   0       
   66      
  -82      
  -77      
  -73      
  -10      
   1e+02   
   18      
  -90      
   0       
   0       
   0       
   0       
   0       
   0       
  -30      
   75      
   1.1e+02 
  -89      
   33      
  -6.9     
   18      
  -1.2e+02 

QFRC_SMOOTH
  -0.02    
   0.1     
  -9       
  -0.45    
   0.064   
  -0.02    
   65      
  -81      
  -77      
  -72      
  -10      
   1e+02   
   18      
  -92      
   0.02    
   0.018   
  -9       
  -0.21    
   0.053   
   0.0097  
  -30      
   74      
   1.1e+02 
  -90      
   33      
  -6       
   18      
  -1.2e+02 

QACC_SMOOTH
  -1.4     
  -3.9     
  -14      
   12      
   6.5     
   2.3     
   64      
  -81      
  -75      
  -71      
  -10      
   99      
   18      
  -91      
  -0.091   
   5.6     
  -9.3     
   28      
   3.9     
  -18      
  -29      
   74      
   1.1e+02 
  -89      
   33      
  -5.7     
   18      
  -1.2e+02 

EFC_B
   1.2e+02 
   55      
  -47      
   75      
  -18      
   46      
   27      
   53      
   39      
   42      
   23      
  -65      
  -53      
   12      
  -17      
   44      
   32      
  -5.3     

EFC_FORCE
   0       
   0       
   11      
   0       
   0       
   0       
   0       
   0       
   0       
   0       
   0       
   2.8     
   3.6     
   0       
   0.039   
   0       
   0       
   4.5     

EFC_STATE
  0
  0
  1
  0
  0
  0
  0
  0
  0
  0
  0
  1
  1
  0
  1
  0
  0
  1

QFRC_CONSTRAINT
  -3.2     
  -10      
   11      
   2.5     
  -3       
  -0.72    
  -0.28    
   3.1     
   0       
   0       
   0       
   0       
   0       
   0       
  -2.5     
   5.9     
   11      
  -1.4     
   3.2     
  -0.17    
   0       
   0       
   0       
   0       
  -3.1     
   3.7     
   2.8     
  -0.31    

QFRC_INVERSE
   0       
   0       
   0       
   0       
   0       
   0       
   0       
   0       
   0       
   0       
   0       
   0       
   0       
   0       
   0       
   0       
   0       
   0       
   0       
   0       
   0       
   0       
   0       
   0       
   0       
   0       
   0       
   0       

CACC
   0         0         0         0         0         0       
   0         0         0         0         0         0       
   0         0         0         0         0         0       
   0         0         0         0         0         0       
   0         0         0         0         0         0       
   0         0         0         0         0         0       
   0         0         0         0         0         0       
   0         0         0         0         0         0       
   0         0         0         0         0         0       
   0         0         0         0         0         0       
   0         0         0         0         0         0       
   0         0         0         0         0         0       
   0         0         0         0         0         0       
   0         0         0         0         0         0       
   0         0         0         0         0         0       
   0         0         0         0         0         0       
   0         0         0         0         0         0       
   0         0         0         0         0         0       
   0         0         0         0         0         0       
   0         0         0         0         0         0       
   0         0         0         0         0         0       
   0         0         0         0         0         0       
   0         0         0         0         0         0       
   0         0         0         0         0         0       
   0         0         0         0         0         0       
   0         0         0         0         0         0       
   0         0         0         0         0         0       

CFRC_INT
   0         0         0         0         0         0       
   0         0         0         0         0         0       
   0         0         0         0         0         0       
   0         0         0         0         0         0       
   0         0         0         0         0         0       
   0         0         0         0         0         0       
   0         0         0         0         0         0       
   0         0         0         0         0         0       
   0         0         0         0         0         0       
   0         0         0         0         0         0       
   0         0         0         0         0         0       
   0         0         0         0         0         0       
   0         0         0         0         0         0       
   0         0         0         0         0         0       
   0         0         0         0         0         0       
   0         0         0         0         0         0       
   0         0         0         0         0         0       
   0         0         0         0         0         0       
   0         0         0         0         0         0       
   0         0         0         0         0         0       
   0         0         0         0         0         0       
   0         0         0         0         0         0       
   0         0         0         0         0         0       
   0         0         0         0         0         0       
   0         0         0         0         0         0       
   0         0         0         0         0         0       
   0         0         0         0         0         0       

CFRC_EXT
   0         0         0         0         0         0       
   0         0         0         0         0         0       
   0         0         0         0         0         0       
   0         0         0         0         0         0       
   0         0         0         0         0         0       
   0         0         0         0         0         0       
   0         0         0         0         0         0       
   0         0         0         0         0         0       
   0         0         0         0         0         0       
   0         0         0         0         0         0       
   0         0         0         0         0         0       
   0         0         0         0         0         0       
   0         0         0         0         0         0       
   0         0         0         0         0         0       
   0         0         0         0         0         0       
   0         0         0         0         0         0       
   0         0         0         0         0         0       
   0         0         0         0         0         0       
   0         0         0         0         0         0       
   0         0         0         0         0         0       
   0         0         0         0         0         0       
   0         0         0         0         0         0       
   0         0         0         0         0         0       
   0         0         0         0         0         0       
   0         0         0         0         0         0       
   0         0         0         0         0         0       
   0         0         0         0         0         0       

